{
 "cells": [
  {
   "cell_type": "markdown",
   "metadata": {
    "collapsed": true
   },
   "source": [
    "# CNN MNIST"
   ]
  },
  {
   "cell_type": "code",
   "execution_count": 1,
   "metadata": {
    "collapsed": true
   },
   "outputs": [],
   "source": [
    "#importing functions from python3 to python2\n",
    "from __future__ import absolute_import\n",
    "from __future__ import division\n",
    "from __future__ import print_function\n",
    "\n",
    "#importing numpy and tensorflow\n",
    "import numpy as np\n",
    "import tensorflow as tf\n",
    "\n",
    "#ignore all the warnings and don't show them in the notebook\n",
    "import warnings\n",
    "warnings.filterwarnings('ignore')\n",
    "\n",
    "#treshold on what messages are to be logged\n",
    "tf.logging.set_verbosity(tf.logging.INFO)\n",
    "#importing debug library\n",
    "from tensorflow.python import debug as tf_debug"
   ]
  },
  {
   "cell_type": "markdown",
   "metadata": {},
   "source": [
    "## Debugger\n",
    "\n",
    "### Uncomment the below line and execute the code to run the debugger.\n",
    "\n",
    "### Go to the link once you start execution    \t\t\thttp://localhost:6006/"
   ]
  },
  {
   "cell_type": "code",
   "execution_count": null,
   "metadata": {
    "collapsed": true
   },
   "outputs": [],
   "source": [
    "#Uncomment the below line to run the debugger\n",
    "#Add monitor=[hook] as a parameter to the estimators below\n",
    "# hook = tf_debug.TensorBoardDebugHook(\"localhost:6064\")"
   ]
  },
  {
   "cell_type": "code",
   "execution_count": 5,
   "metadata": {
    "collapsed": true
   },
   "outputs": [],
   "source": [
    "def cnn_model_fn(features, labels, mode):\n",
    "    \"\"\"Model function for CNN.\"\"\"\n",
    "    # Input Layer\n",
    "    # Reshape X to 4-D tensor: [batch_size, width, height, channels]\n",
    "    # MNIST images are 28x28 pixels, and have one color channel\n",
    "    input_layer = tf.reshape(features[\"x\"], [-1, 28, 28, 1])\n",
    "\n",
    "    # Convolutional Layer #1\n",
    "    # Computes 32 features using a 5x5 filter with ReLU activation.\n",
    "    # Padding is added to preserve width and height.\n",
    "    # Input Tensor Shape: [batch_size, 28, 28, 1]\n",
    "    # Output Tensor Shape: [batch_size, 28, 28, 32]\n",
    "    conv1 = tf.layers.conv2d(\n",
    "        inputs=input_layer,\n",
    "        filters=32,\n",
    "        kernel_size=[5, 5],\n",
    "        padding=\"same\",\n",
    "        activation=tf.nn.relu)\n",
    "\n",
    "    # Pooling Layer #1\n",
    "    # First max pooling layer with a 2x2 filter and stride of 2\n",
    "    # Input Tensor Shape: [batch_size, 28, 28, 32]\n",
    "    # Output Tensor Shape: [batch_size, 14, 14, 32]\n",
    "    pool1 = tf.layers.max_pooling2d(inputs=conv1, pool_size=[2, 2], strides=2)\n",
    "\n",
    "    # Convolutional Layer #2\n",
    "    # Computes 64 features using a 5x5 filter.\n",
    "    # Padding is added to preserve width and height.\n",
    "    # Input Tensor Shape: [batch_size, 14, 14, 32]\n",
    "    # Output Tensor Shape: [batch_size, 14, 14, 64]\n",
    "    conv2 = tf.layers.conv2d(\n",
    "        inputs=pool1,\n",
    "        filters=64,\n",
    "        kernel_size=[5, 5],\n",
    "        padding=\"same\",\n",
    "        activation=tf.nn.relu)\n",
    "\n",
    "    # Pooling Layer #2\n",
    "    # Second max pooling layer with a 2x2 filter and stride of 2\n",
    "    # Input Tensor Shape: [batch_size, 14, 14, 64]\n",
    "    # Output Tensor Shape: [batch_size, 7, 7, 64]\n",
    "    pool2 = tf.layers.max_pooling2d(inputs=conv2, pool_size=[2, 2], strides=2)\n",
    "\n",
    "    # Flatten tensor into a batch of vectors\n",
    "    # Input Tensor Shape: [batch_size, 7, 7, 64]\n",
    "    # Output Tensor Shape: [batch_size, 7 * 7 * 64]\n",
    "    pool2_flat = tf.reshape(pool2, [-1, 7 * 7 * 64])\n",
    "\n",
    "    # Dense Layer\n",
    "    # Densely connected layer with 1024 neurons\n",
    "    # Input Tensor Shape: [batch_size, 7 * 7 * 64]\n",
    "    # Output Tensor Shape: [batch_size, 1024]\n",
    "    dense = tf.layers.dense(inputs=pool2_flat, units=1024, activation=tf.nn.relu)\n",
    "\n",
    "    # Add dropout operation; 0.6 probability that element will be kept\n",
    "    dropout = tf.layers.dropout(\n",
    "            inputs=dense, rate=0.4, training=mode == tf.estimator.ModeKeys.TRAIN)\n",
    "\n",
    "    # Logits layer\n",
    "    # Input Tensor Shape: [batch_size, 1024]\n",
    "    # Output Tensor Shape: [batch_size, 10]\n",
    "    logits = tf.layers.dense(inputs=dropout, units=10)\n",
    "\n",
    "    predictions = {\n",
    "        # Generate predictions (for PREDICT and EVAL mode)\n",
    "        \"classes\": tf.argmax(input=logits, axis=1),\n",
    "        # Add `softmax_tensor` to the graph. It is used for PREDICT and by the\n",
    "        # `logging_hook`.\n",
    "        \"probabilities\": tf.nn.softmax(logits, name=\"softmax_tensor\")\n",
    "      }\n",
    "    #if predict mode, run the estimator and return the values\n",
    "    if mode == tf.estimator.ModeKeys.PREDICT:\n",
    "        return tf.estimator.EstimatorSpec(mode=mode, predictions=predictions)\n",
    "\n",
    "    # Calculate Loss (for both TRAIN and EVAL modes)\n",
    "    loss = tf.losses.sparse_softmax_cross_entropy(labels=labels, logits=logits)\n",
    "\n",
    "    # Configure the Training Op (for TRAIN mode)\n",
    "    if mode == tf.estimator.ModeKeys.TRAIN:\n",
    "        optimizer = tf.train.GradientDescentOptimizer(learning_rate=0.001)\n",
    "        train_op = optimizer.minimize(\n",
    "            loss=loss,\n",
    "            global_step=tf.train.get_global_step())\n",
    "        return tf.estimator.EstimatorSpec(mode=mode, loss=loss, train_op=train_op)\n",
    "\n",
    "    # Add evaluation metrics (for EVAL mode)\n",
    "    eval_metric_ops = {\n",
    "        \"accuracy\": tf.metrics.accuracy(\n",
    "            labels=labels, predictions=predictions[\"classes\"])}\n",
    "    return tf.estimator.EstimatorSpec(\n",
    "        mode=mode, loss=loss, eval_metric_ops=eval_metric_ops)"
   ]
  },
  {
   "cell_type": "code",
   "execution_count": 6,
   "metadata": {
    "collapsed": true
   },
   "outputs": [],
   "source": [
    "def main(unused_argv):\n",
    "    # Load training data\n",
    "    mnist = tf.contrib.learn.datasets.load_dataset(\"mnist\")\n",
    "    train_data = mnist.train.images  # Returns np.array\n",
    "    #load the the train data labels\n",
    "    train_labels = np.asarray(mnist.train.labels, dtype=np.int32)\n",
    "    #load the test data\n",
    "    eval_data = mnist.test.images  # Returns np.array\n",
    "    #load the test data labels\n",
    "    eval_labels = np.asarray(mnist.test.labels, dtype=np.int32)\n",
    "    \n",
    "    # Create the Estimator\n",
    "    mnist_classifier = tf.estimator.Estimator(\n",
    "        model_fn=cnn_model_fn, model_dir=\"/tmp/mnist_convnet_model\")\n",
    "\n",
    "    # Set up logging for predictions\n",
    "    # Log the values in the \"Softmax\" tensor with label \"probabilities\"\n",
    "    tensors_to_log = {\"probabilities\": \"softmax_tensor\"}\n",
    "    logging_hook = tf.train.LoggingTensorHook(\n",
    "        tensors=tensors_to_log, every_n_iter=50)\n",
    "\n",
    "    # Train the model\n",
    "    train_input_fn = tf.estimator.inputs.numpy_input_fn(\n",
    "        x={\"x\": train_data},\n",
    "        y=train_labels,\n",
    "        batch_size=100,\n",
    "        num_epochs=None,\n",
    "        shuffle=True)\n",
    "    mnist_classifier.train(\n",
    "        input_fn=train_input_fn,\n",
    "        steps=200,\n",
    "        hooks=[logging_hook])\n",
    "\n",
    "    # Evaluate the model and print results\n",
    "    eval_input_fn = tf.estimator.inputs.numpy_input_fn(\n",
    "        x={\"x\": eval_data},\n",
    "        y=eval_labels,\n",
    "        num_epochs=1,\n",
    "        shuffle=False)\n",
    "    eval_results = mnist_classifier.evaluate(input_fn=eval_input_fn)\n",
    "    print(eval_results)\n"
   ]
  },
  {
   "cell_type": "code",
   "execution_count": 7,
   "metadata": {},
   "outputs": [
    {
     "name": "stdout",
     "output_type": "stream",
     "text": [
      "Extracting MNIST-data/train-images-idx3-ubyte.gz\n",
      "Extracting MNIST-data/train-labels-idx1-ubyte.gz\n",
      "Extracting MNIST-data/t10k-images-idx3-ubyte.gz\n",
      "Extracting MNIST-data/t10k-labels-idx1-ubyte.gz\n",
      "INFO:tensorflow:Using default config.\n",
      "INFO:tensorflow:Using config: {'_model_dir': '/tmp/mnist_convnet_model', '_tf_random_seed': None, '_save_summary_steps': 100, '_save_checkpoints_steps': None, '_save_checkpoints_secs': 600, '_session_config': None, '_keep_checkpoint_max': 5, '_keep_checkpoint_every_n_hours': 10000, '_log_step_count_steps': 100, '_train_distribute': None, '_device_fn': None, '_service': None, '_cluster_spec': <tensorflow.python.training.server_lib.ClusterSpec object at 0x7f9df93637f0>, '_task_type': 'worker', '_task_id': 0, '_global_id_in_cluster': 0, '_master': '', '_evaluation_master': '', '_is_chief': True, '_num_ps_replicas': 0, '_num_worker_replicas': 1}\n",
      "INFO:tensorflow:Calling model_fn.\n",
      "INFO:tensorflow:Done calling model_fn.\n",
      "INFO:tensorflow:Create CheckpointSaverHook.\n",
      "INFO:tensorflow:Graph was finalized.\n",
      "INFO:tensorflow:Restoring parameters from /tmp/mnist_convnet_model/model.ckpt-200\n",
      "INFO:tensorflow:Running local_init_op.\n",
      "INFO:tensorflow:Done running local_init_op.\n",
      "INFO:tensorflow:Saving checkpoints for 200 into /tmp/mnist_convnet_model/model.ckpt.\n",
      "INFO:tensorflow:probabilities = [[ 0.11883979  0.09920923  0.10616247  0.11530971  0.09486506  0.10180982\n",
      "   0.10416524  0.08051908  0.08466954  0.09445012]\n",
      " [ 0.10922426  0.08545184  0.10709219  0.10514039  0.11465418  0.08532214\n",
      "   0.09464323  0.08665051  0.10718878  0.10463253]\n",
      " [ 0.11614759  0.09793785  0.10977881  0.10120615  0.11537828  0.08424747\n",
      "   0.1066033   0.07657816  0.09510035  0.09702202]\n",
      " [ 0.11132569  0.09214912  0.10376148  0.08254356  0.12452412  0.09332193\n",
      "   0.09390796  0.0958361   0.11239837  0.09023168]\n",
      " [ 0.10468885  0.09329125  0.10591853  0.09697886  0.09594294  0.09471093\n",
      "   0.09656083  0.10226315  0.11113153  0.09851313]\n",
      " [ 0.10300489  0.10327629  0.09834802  0.09406231  0.10868195  0.095423\n",
      "   0.09939593  0.10219618  0.0962798   0.09933166]\n",
      " [ 0.11852302  0.09658205  0.10938603  0.11260983  0.10139789  0.08607846\n",
      "   0.09945227  0.07987028  0.09333663  0.1027636 ]\n",
      " [ 0.11216319  0.10557297  0.11796489  0.10691091  0.09018108  0.09100746\n",
      "   0.10169777  0.08434524  0.09456284  0.09559358]\n",
      " [ 0.11031798  0.08891065  0.10892714  0.09000335  0.11531866  0.08842646\n",
      "   0.10066752  0.0929075   0.10486015  0.09966052]\n",
      " [ 0.09559075  0.10207339  0.09747171  0.10925577  0.10281473  0.09840875\n",
      "   0.10154744  0.09591243  0.09313592  0.10378914]\n",
      " [ 0.11008466  0.10160284  0.10142362  0.10435168  0.11164501  0.08563942\n",
      "   0.09580326  0.08944542  0.09553813  0.10446595]\n",
      " [ 0.1091987   0.10101685  0.10592129  0.10376099  0.105611    0.08862898\n",
      "   0.10579495  0.09458847  0.08892267  0.0965561 ]\n",
      " [ 0.09947624  0.10380878  0.1180293   0.10501009  0.11770061  0.09660012\n",
      "   0.08851689  0.0846405   0.08939737  0.09682015]\n",
      " [ 0.10938758  0.08904142  0.11395271  0.09080672  0.10206923  0.09460369\n",
      "   0.0990366   0.09182953  0.10494702  0.10432549]\n",
      " [ 0.1149018   0.11959781  0.12031627  0.09337316  0.08608954  0.08558671\n",
      "   0.10411611  0.0778873   0.08861029  0.10952108]\n",
      " [ 0.1096581   0.09741882  0.10502904  0.09229182  0.09925788  0.08419897\n",
      "   0.10280427  0.09602991  0.10703821  0.10627294]\n",
      " [ 0.11970497  0.10057768  0.10137427  0.10135666  0.11289193  0.09097458\n",
      "   0.08655307  0.09413239  0.09393559  0.09849884]\n",
      " [ 0.10163122  0.0934692   0.10322811  0.09569162  0.10968142  0.09146972\n",
      "   0.10755306  0.09411609  0.10392324  0.0992363 ]\n",
      " [ 0.11559223  0.10166837  0.102927    0.09935352  0.11683772  0.08370285\n",
      "   0.09589707  0.09699604  0.09401603  0.09300914]\n",
      " [ 0.10598577  0.11140316  0.09546372  0.10411737  0.11303804  0.0950571\n",
      "   0.08941749  0.09735383  0.09613162  0.09203196]\n",
      " [ 0.11084608  0.09676355  0.09703677  0.09625194  0.11199541  0.09531473\n",
      "   0.09758962  0.09734665  0.10084744  0.09600779]\n",
      " [ 0.10287475  0.0914161   0.10025225  0.09071995  0.10787638  0.09764306\n",
      "   0.10977212  0.09858705  0.10191307  0.09894528]\n",
      " [ 0.13958773  0.1062269   0.10869151  0.08542571  0.09928562  0.08338305\n",
      "   0.09713413  0.08533437  0.10686492  0.0880661 ]\n",
      " [ 0.10732657  0.09921046  0.09325181  0.11132105  0.10950669  0.089396\n",
      "   0.10920975  0.10083027  0.09283012  0.08711732]\n",
      " [ 0.10185932  0.11302007  0.09840222  0.10332135  0.10473551  0.09353496\n",
      "   0.09916697  0.09206539  0.09565356  0.0982407 ]\n",
      " [ 0.10395809  0.0928601   0.10473574  0.1092175   0.10412148  0.09037194\n",
      "   0.11417127  0.08323181  0.09777487  0.09955715]\n",
      " [ 0.10974783  0.1004822   0.1182842   0.09642848  0.11076687  0.09297604\n",
      "   0.09233665  0.07908908  0.09753857  0.10235008]\n",
      " [ 0.10341172  0.09375975  0.11306007  0.10552005  0.10452885  0.09770134\n",
      "   0.10251296  0.08474358  0.09871026  0.09605139]\n",
      " [ 0.11860685  0.08809974  0.10767013  0.08834847  0.09938733  0.09552917\n",
      "   0.10262104  0.08979712  0.11001761  0.0999226 ]\n",
      " [ 0.1083823   0.09662534  0.10442403  0.10744771  0.09796196  0.09335141\n",
      "   0.09958851  0.08867154  0.09515034  0.1083969 ]\n",
      " [ 0.10261212  0.08259206  0.09172548  0.09941109  0.11565854  0.0937791\n",
      "   0.10682106  0.09505811  0.10467302  0.10766942]\n",
      " [ 0.10548174  0.10020233  0.11499576  0.09020068  0.1081121   0.09079071\n",
      "   0.09874102  0.09339325  0.09979917  0.09828319]\n",
      " [ 0.11106151  0.10090558  0.11398468  0.09976684  0.09962033  0.09902533\n",
      "   0.09153955  0.09157869  0.09034777  0.10216969]\n",
      " [ 0.10216199  0.09652974  0.09506363  0.08927748  0.09678435  0.09209467\n",
      "   0.10595609  0.10142834  0.10340445  0.11729925]\n",
      " [ 0.11315321  0.08334727  0.09410357  0.09929959  0.09577246  0.10081609\n",
      "   0.09534118  0.10365759  0.1088658   0.10564325]\n",
      " [ 0.10636124  0.10880549  0.11190226  0.09301908  0.10775509  0.09218715\n",
      "   0.09266028  0.09539207  0.0982152   0.09370209]\n",
      " [ 0.09586636  0.10984661  0.11405307  0.10337153  0.10605559  0.09510791\n",
      "   0.10471608  0.08909936  0.09120065  0.09068277]\n",
      " [ 0.11006764  0.09125298  0.09940011  0.08771237  0.11132437  0.09260585\n",
      "   0.09926531  0.09434502  0.1187688   0.09525757]\n",
      " [ 0.09982884  0.09066585  0.10418887  0.09277489  0.09591158  0.08721574\n",
      "   0.11610463  0.10845311  0.11047222  0.09438424]\n",
      " [ 0.14497373  0.10390854  0.1261244   0.0943258   0.10031648  0.07651684\n",
      "   0.09657075  0.08796164  0.08412088  0.08518084]\n",
      " [ 0.1076426   0.09005163  0.11511351  0.11217885  0.1093749   0.08849428\n",
      "   0.10287895  0.08718986  0.08435068  0.10272472]\n",
      " [ 0.10812346  0.10057499  0.09766042  0.09802721  0.12219667  0.09249506\n",
      "   0.0923569   0.08978471  0.09943754  0.09934309]\n",
      " [ 0.10902587  0.10256895  0.12476487  0.09295429  0.11193538  0.09701247\n",
      "   0.10125591  0.07895297  0.08441085  0.09711842]\n",
      " [ 0.11443562  0.0852895   0.11007639  0.11731235  0.08706077  0.09100762\n",
      "   0.1056652   0.08191807  0.09559971  0.11163481]\n",
      " [ 0.10603296  0.08934025  0.11656884  0.10834401  0.10404336  0.09307137\n",
      "   0.09923119  0.08692846  0.09434058  0.10209895]\n",
      " [ 0.10125931  0.0899446   0.10597422  0.0926115   0.09909578  0.10035209\n",
      "   0.10787716  0.09133096  0.09683266  0.11472163]\n",
      " [ 0.10486526  0.11212643  0.10621729  0.09346739  0.10802309  0.08929713\n",
      "   0.09962811  0.08831972  0.10135153  0.09670402]\n",
      " [ 0.10330225  0.10138674  0.09098576  0.09971398  0.10630104  0.09017514\n",
      "   0.09320192  0.10499936  0.11348973  0.09644404]\n",
      " [ 0.10365287  0.09615806  0.10871562  0.09691454  0.10797976  0.0890303\n",
      "   0.10252438  0.10146318  0.09382705  0.09973424]\n",
      " [ 0.10445034  0.10896522  0.10024057  0.09812174  0.10081683  0.08692692\n",
      "   0.10579691  0.09759037  0.10060939  0.09648166]\n",
      " [ 0.11150777  0.09297818  0.11280657  0.09677587  0.10836735  0.0974371\n",
      "   0.1039139   0.08215547  0.08992146  0.1041363 ]\n",
      " [ 0.1050562   0.09953643  0.10840626  0.10034485  0.0925885   0.08577193\n",
      "   0.10097627  0.09692971  0.0980908   0.11229902]\n",
      " [ 0.09276041  0.11136197  0.1061566   0.09127518  0.11615886  0.09917878\n",
      "   0.09519524  0.0882628   0.09385112  0.10579899]\n",
      " [ 0.1000452   0.09542074  0.10929331  0.10199717  0.10270043  0.08863135\n",
      "   0.09263001  0.10048601  0.10393668  0.10485911]\n",
      " [ 0.0999163   0.10617363  0.10901913  0.09273711  0.09899025  0.09179617\n",
      "   0.09983794  0.09305791  0.10035799  0.10811359]\n",
      " [ 0.11311612  0.09641448  0.107038    0.10339697  0.11723482  0.08292916\n",
      "   0.08987533  0.09179775  0.1026186   0.09557877]\n",
      " [ 0.10612748  0.10407903  0.11142685  0.100959    0.10136118  0.08187702\n",
      "   0.11103439  0.10100052  0.08239767  0.09973688]\n",
      " [ 0.10834898  0.083769    0.10770415  0.10591162  0.10301813  0.0847888\n",
      "   0.09997947  0.08912876  0.10364437  0.11370667]\n",
      " [ 0.11432388  0.10267978  0.10640682  0.1002665   0.10514665  0.09233858\n",
      "   0.10038566  0.08761145  0.09793942  0.09290121]\n",
      " [ 0.09735174  0.1106469   0.10240819  0.09240523  0.11767198  0.09591804\n",
      "   0.09528857  0.09694439  0.0947994   0.09656555]\n",
      " [ 0.10148209  0.08525748  0.09910525  0.11534364  0.11808601  0.09432226\n",
      "   0.09987894  0.08783748  0.08841454  0.11027227]\n",
      " [ 0.09770894  0.10764603  0.09131297  0.104434    0.10975622  0.0973397\n",
      "   0.10302085  0.09382435  0.09555119  0.0994058 ]\n",
      " [ 0.1004651   0.1058745   0.09471032  0.098328    0.10966738  0.09440725\n",
      "   0.10276733  0.09839077  0.09966581  0.09572358]\n",
      " [ 0.09329078  0.0987315   0.10033788  0.1068606   0.09392653  0.08244835\n",
      "   0.10387863  0.10939062  0.10969895  0.10143618]\n",
      " [ 0.12478205  0.08077401  0.10524894  0.11430804  0.10125189  0.09517058\n",
      "   0.09943415  0.07975371  0.10286044  0.09641618]\n",
      " [ 0.10435531  0.10311078  0.09803404  0.09224471  0.11051276  0.08986478\n",
      "   0.10054815  0.0972392   0.10187502  0.10221528]\n",
      " [ 0.10104778  0.08893903  0.1042136   0.11030792  0.09691346  0.09029826\n",
      "   0.09690629  0.10138592  0.1055248   0.10446297]\n",
      " [ 0.11085114  0.09933714  0.12025888  0.10255496  0.10397143  0.08223722\n",
      "   0.0970671   0.094127    0.08603182  0.10356324]\n",
      " [ 0.10759676  0.09012523  0.11139688  0.0903638   0.11548236  0.07865758\n",
      "   0.08523789  0.10379961  0.11305169  0.10428818]\n",
      " [ 0.10613219  0.09604726  0.11803196  0.09116756  0.10995226  0.09085218\n",
      "   0.10077523  0.09358612  0.09563129  0.09782398]\n",
      " [ 0.10926057  0.09512556  0.10386142  0.10616044  0.0946202   0.0873697\n",
      "   0.11384522  0.09230227  0.09740488  0.10004967]\n",
      " [ 0.11589811  0.10491022  0.10696656  0.09205345  0.1045092   0.08882678\n",
      "   0.10224153  0.09399994  0.09206008  0.09853413]\n",
      " [ 0.1072711   0.08305876  0.11625554  0.09574415  0.09604247  0.08469405\n",
      "   0.11618857  0.09073299  0.10815854  0.10185379]\n",
      " [ 0.11253439  0.09132307  0.11356092  0.09958664  0.10880693  0.08852053\n",
      "   0.09703936  0.08988669  0.09816842  0.10057308]\n",
      " [ 0.11424796  0.1090408   0.09355594  0.10370909  0.09421771  0.09684409\n",
      "   0.08869123  0.0997362   0.10210334  0.09785374]\n",
      " [ 0.10967071  0.08721509  0.11535935  0.1061177   0.09700961  0.08505917\n",
      "   0.10099814  0.0883361   0.10944977  0.10078435]\n",
      " [ 0.11860836  0.0910212   0.11092394  0.09116042  0.10680577  0.08846306\n",
      "   0.10440757  0.09349604  0.09669162  0.09842201]\n",
      " [ 0.12045375  0.10619983  0.11272579  0.09264208  0.11661682  0.07577408\n",
      "   0.09407175  0.08891774  0.10340539  0.08919283]\n",
      " [ 0.11183845  0.10426977  0.09580872  0.09808438  0.10384872  0.0940814\n",
      "   0.10235246  0.08960212  0.09714945  0.10296448]\n",
      " [ 0.10125633  0.09867077  0.11278818  0.10027465  0.10462117  0.10007438\n",
      "   0.09460017  0.08329191  0.1011278   0.10329468]\n",
      " [ 0.10807333  0.10403321  0.10812371  0.10105507  0.10548013  0.09679614\n",
      "   0.09744272  0.09750218  0.09036314  0.09113035]\n",
      " [ 0.10141561  0.1027419   0.11795183  0.10406802  0.10340392  0.09247736\n",
      "   0.0933404   0.09868953  0.08975188  0.09615956]\n",
      " [ 0.10018168  0.09048373  0.10486423  0.09285571  0.1046241   0.08926615\n",
      "   0.09941114  0.10481077  0.09972481  0.11377773]\n",
      " [ 0.09864371  0.10388955  0.1099823   0.09300712  0.10578639  0.09607874\n",
      "   0.10155801  0.09467132  0.0939403   0.10244256]\n",
      " [ 0.1080066   0.09663835  0.09681214  0.10108478  0.10853897  0.08370486\n",
      "   0.10431971  0.09166305  0.11001742  0.0992142 ]\n",
      " [ 0.10988303  0.09100208  0.1001033   0.09476644  0.11022402  0.08976328\n",
      "   0.10142323  0.09932444  0.10269292  0.10081726]\n",
      " [ 0.10325236  0.10919476  0.0986023   0.09590403  0.11631518  0.09468985\n",
      "   0.09911408  0.09448491  0.09036333  0.0980792 ]\n",
      " [ 0.10779778  0.09432405  0.10389027  0.09865884  0.10644964  0.0844428\n",
      "   0.09359459  0.09653219  0.11638387  0.09792606]\n",
      " [ 0.11344029  0.10958862  0.10456389  0.09666848  0.1173619   0.08395933\n",
      "   0.08710956  0.09469232  0.10084134  0.09177426]\n",
      " [ 0.09876398  0.10858088  0.10817818  0.09395264  0.10875776  0.09990563\n",
      "   0.09067157  0.09409832  0.09877776  0.09831325]\n",
      " [ 0.11165655  0.10623276  0.10967821  0.10809627  0.10935047  0.08146191\n",
      "   0.09520771  0.09256631  0.09525484  0.0904949 ]\n",
      " [ 0.09485455  0.08606766  0.09962669  0.10170239  0.10814584  0.10114142\n",
      "   0.10516838  0.10040051  0.09107748  0.1118151 ]\n",
      " [ 0.10110743  0.09567013  0.10929844  0.0975666   0.10445779  0.09415022\n",
      "   0.09422539  0.10304155  0.09945123  0.10103118]\n",
      " [ 0.1142067   0.08614714  0.11593695  0.10202054  0.09602676  0.11114774\n",
      "   0.0870245   0.08731198  0.09515965  0.10501803]\n",
      " [ 0.10187329  0.08994092  0.11046618  0.10284015  0.11935641  0.08572701\n",
      "   0.10433873  0.08929814  0.09163415  0.10452498]\n",
      " [ 0.10579931  0.10059234  0.13629754  0.10195611  0.10374703  0.08780906\n",
      "   0.10448709  0.07063859  0.09926406  0.0894089 ]\n",
      " [ 0.10991784  0.10730609  0.09734438  0.10818703  0.1074964   0.08562221\n",
      "   0.1056424   0.0883337   0.0965875   0.09356248]\n",
      " [ 0.0989587   0.10116536  0.10306378  0.09860005  0.10346431  0.10627737\n",
      "   0.10137709  0.09325135  0.09649645  0.09734552]\n",
      " [ 0.1190381   0.09025904  0.11008614  0.09793314  0.10312898  0.08371665\n",
      "   0.10433611  0.08938205  0.10303045  0.09908937]\n",
      " [ 0.1100861   0.09255084  0.11524337  0.10519552  0.10900133  0.08915512\n",
      "   0.08604572  0.10325354  0.09718336  0.09228508]]\n"
     ]
    },
    {
     "name": "stdout",
     "output_type": "stream",
     "text": [
      "INFO:tensorflow:loss = 2.2696, step = 201\n",
      "INFO:tensorflow:probabilities = [[ 0.11421116  0.0837108   0.1137443   0.09868434  0.09403597  0.09169564\n",
      "   0.09631579  0.08846508  0.1084328   0.11070412]\n",
      " [ 0.09148124  0.10830866  0.09369586  0.09761549  0.10898986  0.10060444\n",
      "   0.09967624  0.09939343  0.0947429   0.10549188]\n",
      " [ 0.10360489  0.11275978  0.11554828  0.08917973  0.10964888  0.09174568\n",
      "   0.10317016  0.08834971  0.09007908  0.09591381]\n",
      " [ 0.08995516  0.10379037  0.11936557  0.09334806  0.11024822  0.08649674\n",
      "   0.11055771  0.08317003  0.10193864  0.10112956]\n",
      " [ 0.09655234  0.10640556  0.09510366  0.09758613  0.12011177  0.0818587\n",
      "   0.09145747  0.09910982  0.10568109  0.1061335 ]\n",
      " [ 0.09682651  0.08910979  0.111701    0.10206254  0.10948984  0.10169201\n",
      "   0.09822597  0.08861541  0.09730168  0.10497524]\n",
      " [ 0.09601466  0.10825725  0.10408176  0.10281243  0.10747497  0.08773994\n",
      "   0.10543239  0.09998108  0.09606431  0.09214125]\n",
      " [ 0.10682639  0.10259867  0.12140163  0.08921432  0.10995071  0.08679011\n",
      "   0.09663922  0.09504415  0.09605563  0.09547915]\n",
      " [ 0.1005791   0.09647419  0.11450075  0.10134685  0.10160337  0.10166961\n",
      "   0.08838415  0.10409994  0.0965267   0.09481538]\n",
      " [ 0.11319359  0.11216852  0.11633989  0.09605836  0.0969402   0.08860479\n",
      "   0.09724061  0.09619067  0.10038213  0.08288129]\n",
      " [ 0.10434614  0.09704521  0.1024817   0.10308497  0.09245589  0.09335656\n",
      "   0.09393018  0.09122682  0.11170781  0.11036479]\n",
      " [ 0.10462631  0.09530029  0.11535764  0.10576821  0.10103583  0.0905663\n",
      "   0.11322458  0.09506353  0.0827411   0.09631616]\n",
      " [ 0.10826065  0.102231    0.0962815   0.09433422  0.09566288  0.09933355\n",
      "   0.09138623  0.10370893  0.10430057  0.10450046]\n",
      " [ 0.09992386  0.10663497  0.11079106  0.09922764  0.10190834  0.09123232\n",
      "   0.09705692  0.09500317  0.09740063  0.10082112]\n",
      " [ 0.1065786   0.09508626  0.11045095  0.10966121  0.09509195  0.08902587\n",
      "   0.10527771  0.09752245  0.09849389  0.09281106]\n",
      " [ 0.11458316  0.08411583  0.10890891  0.09539316  0.12827127  0.07730739\n",
      "   0.0776562   0.09479633  0.10664424  0.11232346]\n",
      " [ 0.10496528  0.08879637  0.11137085  0.09724963  0.10754516  0.08914489\n",
      "   0.10942376  0.09135237  0.10419834  0.09595329]\n",
      " [ 0.10238852  0.0929541   0.0920038   0.10863098  0.11078203  0.09506067\n",
      "   0.09720976  0.1027938   0.09806485  0.10011146]\n",
      " [ 0.11225504  0.09410252  0.12526202  0.0910314   0.10727973  0.08972626\n",
      "   0.09857955  0.09150138  0.1024915   0.08777067]\n",
      " [ 0.10555289  0.09935253  0.10555808  0.09818288  0.10245877  0.09066731\n",
      "   0.09441928  0.10119324  0.09647388  0.1061411 ]\n",
      " [ 0.10029788  0.09997685  0.11309183  0.11053675  0.10672311  0.08756536\n",
      "   0.09081426  0.09509369  0.0890882   0.10681203]\n",
      " [ 0.10379516  0.09112748  0.1137116   0.09462854  0.11130381  0.09278695\n",
      "   0.10464685  0.08893092  0.09266342  0.10640525]\n",
      " [ 0.10267489  0.080019    0.0967516   0.1093765   0.11267263  0.09512611\n",
      "   0.09147983  0.10509481  0.10675868  0.10004596]\n",
      " [ 0.10611212  0.09227262  0.09452299  0.1031465   0.11654782  0.09526864\n",
      "   0.1013694   0.10339439  0.09145918  0.09590639]\n",
      " [ 0.09984942  0.09668528  0.11125813  0.10419335  0.09170806  0.08748829\n",
      "   0.10605882  0.08614353  0.11940879  0.09720634]\n",
      " [ 0.0990868   0.09689237  0.08968727  0.10345416  0.1105758   0.09436638\n",
      "   0.09124069  0.09177265  0.11290028  0.11002365]\n",
      " [ 0.10548442  0.09220026  0.10277498  0.11038432  0.09076802  0.09476394\n",
      "   0.10914103  0.11053846  0.09693658  0.08700804]\n",
      " [ 0.10825478  0.09836187  0.10551085  0.0945144   0.10654175  0.07634233\n",
      "   0.09229077  0.09325214  0.11914307  0.10578806]\n",
      " [ 0.10089123  0.10283966  0.09725919  0.09657668  0.11484303  0.08081855\n",
      "   0.11223333  0.07786515  0.10077384  0.11589934]\n",
      " [ 0.12049504  0.07962575  0.10754413  0.09717864  0.10628136  0.09301138\n",
      "   0.07649978  0.10487565  0.11137782  0.10311038]\n",
      " [ 0.10314319  0.09334741  0.10691478  0.09511488  0.0917789   0.09436853\n",
      "   0.10995514  0.09569962  0.10034975  0.10932776]\n",
      " [ 0.0973947   0.10410751  0.10976399  0.09094817  0.10020965  0.0928198\n",
      "   0.10815499  0.10717113  0.08651971  0.10291033]\n",
      " [ 0.10136059  0.0924404   0.11151522  0.09918945  0.09760319  0.1001772\n",
      "   0.10638249  0.09539543  0.09368963  0.10224634]\n",
      " [ 0.11114195  0.10362461  0.11264955  0.10842512  0.08902427  0.10636163\n",
      "   0.10943417  0.08563416  0.08598774  0.08771672]\n",
      " [ 0.10826129  0.08835404  0.10446732  0.11591807  0.09971194  0.08912072\n",
      "   0.09842768  0.09077006  0.10144959  0.1035193 ]\n",
      " [ 0.09936787  0.10151654  0.10439937  0.09736141  0.0994799   0.09796533\n",
      "   0.09234043  0.09863336  0.10641464  0.10252111]\n",
      " [ 0.10185931  0.0997516   0.09710503  0.09705123  0.1175194   0.09037131\n",
      "   0.0903675   0.10173026  0.10411482  0.10012951]\n",
      " [ 0.09385905  0.10336459  0.11367233  0.08874683  0.10871505  0.09489873\n",
      "   0.08848449  0.09900059  0.10438468  0.10487368]\n",
      " [ 0.10861094  0.09263027  0.11174343  0.1090225   0.09430518  0.09797959\n",
      "   0.09512644  0.09710852  0.09787965  0.0955935 ]\n",
      " [ 0.0820456   0.09974613  0.11031241  0.1060553   0.11077032  0.09725227\n",
      "   0.11027013  0.08526176  0.09529901  0.10298701]\n",
      " [ 0.11037207  0.1017165   0.10744426  0.09883921  0.09201095  0.09963132\n",
      "   0.10590106  0.08916119  0.09711946  0.09780403]\n",
      " [ 0.0964084   0.09610433  0.11632011  0.1077852   0.09703857  0.08775251\n",
      "   0.08898956  0.11123717  0.10871184  0.08965231]\n",
      " [ 0.10163341  0.10562354  0.11651903  0.10137235  0.10728934  0.09612679\n",
      "   0.08656254  0.09075742  0.09400349  0.10011218]\n",
      " [ 0.09777434  0.0852119   0.1058156   0.09257109  0.11418991  0.09646691\n",
      "   0.10952992  0.09596678  0.09867891  0.10379467]\n",
      " [ 0.12245063  0.09775607  0.09624926  0.11264408  0.10232766  0.08604342\n",
      "   0.10088343  0.08404414  0.10707492  0.09052635]\n",
      " [ 0.09111888  0.11306775  0.10769805  0.0938388   0.11035636  0.0986001\n",
      "   0.09766549  0.10136867  0.09803946  0.08824649]\n",
      " [ 0.10705449  0.08705785  0.1000726   0.08407108  0.11651877  0.0983797\n",
      "   0.09704827  0.10079828  0.10737049  0.10162851]\n",
      " [ 0.1130277   0.09593717  0.10322532  0.08977087  0.10722746  0.0847773\n",
      "   0.10509426  0.08785673  0.11550359  0.09757958]\n",
      " [ 0.11409178  0.11206803  0.11043742  0.10115933  0.09845404  0.09008671\n",
      "   0.09649671  0.09313637  0.09690312  0.08716653]\n",
      " [ 0.09894386  0.11515009  0.10017361  0.10560832  0.10877983  0.09891922\n",
      "   0.09688236  0.09233701  0.09058185  0.09262382]\n",
      " [ 0.11530782  0.0838649   0.12285945  0.10785943  0.08843738  0.08632211\n",
      "   0.10861931  0.09475494  0.09297162  0.0990031 ]\n",
      " [ 0.12313737  0.09038042  0.10502542  0.09752063  0.11980559  0.07908311\n",
      "   0.09182909  0.08204782  0.10375115  0.10741938]\n",
      " [ 0.11016242  0.11207694  0.09747526  0.09780826  0.10766711  0.08928408\n",
      "   0.09286049  0.09380701  0.09197766  0.1068808 ]\n",
      " [ 0.09602331  0.09712171  0.10934591  0.09579904  0.11122141  0.10192415\n",
      "   0.09343374  0.10145194  0.09634811  0.0973307 ]\n",
      " [ 0.11253104  0.10153208  0.10373148  0.09518062  0.10437107  0.08350971\n",
      "   0.1089752   0.08344749  0.1034216   0.10329974]\n",
      " [ 0.10519538  0.09535029  0.09776986  0.09957328  0.10613533  0.08622364\n",
      "   0.09255629  0.10747566  0.10659566  0.10312457]\n",
      " [ 0.10648733  0.09390304  0.0959108   0.09862288  0.10781069  0.08034072\n",
      "   0.10763341  0.09988824  0.10060313  0.10879978]\n",
      " [ 0.12297338  0.08857404  0.13362396  0.08751516  0.09830265  0.08630969\n",
      "   0.09470105  0.10246114  0.0947642   0.09077474]\n",
      " [ 0.11038657  0.09105931  0.10844898  0.09160832  0.11491367  0.09690952\n",
      "   0.11246332  0.0964369   0.0924144   0.08535899]\n",
      " [ 0.09507701  0.09514762  0.10970478  0.10009359  0.09129644  0.09510509\n",
      "   0.10037281  0.11229407  0.09966826  0.10124037]\n",
      " [ 0.10954399  0.09022053  0.11211649  0.09744827  0.09959767  0.10080581\n",
      "   0.10515448  0.09353919  0.09953848  0.09203514]\n",
      " [ 0.08446046  0.09981774  0.10655954  0.09432853  0.1103099   0.09262945\n",
      "   0.09991168  0.10049867  0.11267609  0.09880789]\n",
      " [ 0.09934108  0.09857167  0.09967823  0.09934396  0.11441129  0.0920139\n",
      "   0.08870292  0.10344787  0.09494095  0.10954823]\n",
      " [ 0.10782823  0.09644414  0.10548101  0.0911737   0.09730675  0.09364631\n",
      "   0.11436417  0.09739996  0.10039218  0.0959636 ]\n",
      " [ 0.1271084   0.0852178   0.11231288  0.10792822  0.08666679  0.09542523\n",
      "   0.09805235  0.09275799  0.10363074  0.09089959]\n",
      " [ 0.11665912  0.0715897   0.10639211  0.09652044  0.10201125  0.08946798\n",
      "   0.09332711  0.0890311   0.11245058  0.12255048]\n",
      " [ 0.09841514  0.10578382  0.10716293  0.09728471  0.10132482  0.08910203\n",
      "   0.10961063  0.08889801  0.10171354  0.1007043 ]\n",
      " [ 0.11169793  0.09436797  0.12413197  0.09914025  0.09462653  0.07901755\n",
      "   0.10110792  0.08794453  0.10645591  0.10150947]\n",
      " [ 0.11262784  0.09391087  0.11190972  0.10621354  0.09512111  0.10413838\n",
      "   0.1102443   0.08290361  0.08697882  0.09595186]\n",
      " [ 0.11793013  0.10688882  0.11460089  0.0988194   0.11252797  0.07188028\n",
      "   0.10543513  0.08428618  0.09100629  0.09662489]\n",
      " [ 0.103461    0.09618308  0.11854907  0.08958668  0.106139    0.0922909\n",
      "   0.11484327  0.09377675  0.09510181  0.0900685 ]\n",
      " [ 0.11948141  0.08275679  0.12289336  0.11327667  0.09703765  0.08145053\n",
      "   0.10422129  0.08361661  0.09634999  0.09891567]\n",
      " [ 0.11645122  0.09613288  0.11032195  0.10608689  0.09879428  0.0921814\n",
      "   0.08911137  0.09415279  0.09470007  0.10206711]\n",
      " [ 0.09852406  0.09761887  0.10060336  0.10186132  0.10947292  0.09547487\n",
      "   0.10460519  0.09923777  0.09441096  0.09819069]\n",
      " [ 0.10065363  0.11211159  0.11216166  0.09133379  0.11473554  0.09043819\n",
      "   0.09903904  0.09351581  0.0973457   0.08866506]\n",
      " [ 0.09988718  0.09631961  0.10943457  0.08778322  0.1094036   0.09193201\n",
      "   0.10865387  0.10181002  0.0922097   0.10256617]\n",
      " [ 0.09663219  0.10855671  0.10346641  0.09727426  0.10203352  0.09345487\n",
      "   0.10376935  0.09795074  0.09683384  0.10002811]\n",
      " [ 0.10759109  0.09838653  0.10942341  0.09307078  0.09957734  0.07986809\n",
      "   0.09600742  0.09772159  0.11085629  0.10749742]\n",
      " [ 0.10952277  0.09149777  0.11413013  0.11639579  0.09387366  0.09518769\n",
      "   0.09008457  0.09037701  0.10576829  0.09316231]\n",
      " [ 0.10814308  0.08281043  0.10298931  0.10603065  0.10236781  0.0882361\n",
      "   0.11200207  0.08634263  0.10639262  0.1046853 ]\n",
      " [ 0.09548427  0.09276401  0.11902747  0.09879082  0.10436754  0.08769817\n",
      "   0.11997977  0.08944382  0.08943144  0.10301265]\n",
      " [ 0.11939152  0.08882821  0.11750712  0.10802118  0.08573992  0.07887309\n",
      "   0.10500008  0.09473641  0.11923099  0.08267149]\n",
      " [ 0.12327753  0.08802099  0.1168682   0.10943433  0.09081049  0.08293244\n",
      "   0.10630674  0.09038092  0.09102313  0.10094519]\n",
      " [ 0.09982916  0.09385143  0.10360757  0.09478618  0.10268024  0.07688674\n",
      "   0.10638297  0.10267334  0.10310683  0.11619551]\n",
      " [ 0.12129157  0.09594206  0.122611    0.09547167  0.1074325   0.08213209\n",
      "   0.09946992  0.08754481  0.09718473  0.09091963]\n",
      " [ 0.10679341  0.091863    0.11000839  0.10976556  0.10177396  0.10476185\n",
      "   0.09713477  0.08561487  0.09407992  0.09820428]\n",
      " [ 0.11975824  0.09443033  0.09483274  0.09221954  0.1024674   0.09024657\n",
      "   0.10201082  0.09669501  0.10251722  0.1048221 ]\n",
      " [ 0.10112315  0.0916464   0.09795808  0.09676588  0.11792618  0.09801509\n",
      "   0.10253824  0.08974902  0.09903782  0.10524015]\n",
      " [ 0.1237659   0.08636897  0.10135505  0.10696018  0.10332031  0.09423513\n",
      "   0.09525289  0.08686899  0.09709071  0.10478194]\n",
      " [ 0.08755727  0.09591843  0.10048654  0.10127527  0.10908517  0.09642693\n",
      "   0.09538358  0.09726352  0.10436935  0.11223391]\n",
      " [ 0.12939039  0.09276001  0.11618268  0.09295455  0.09132972  0.08654482\n",
      "   0.09162276  0.08980211  0.12450209  0.08491079]\n",
      " [ 0.11176809  0.09047885  0.11101624  0.09584683  0.10850856  0.09059398\n",
      "   0.09847006  0.09197077  0.10174513  0.09960145]\n",
      " [ 0.10514761  0.08885618  0.10537293  0.11292557  0.09929799  0.09270056\n",
      "   0.09982003  0.09017016  0.10849202  0.09721702]\n",
      " [ 0.10758603  0.08908322  0.11565989  0.1083535   0.10999832  0.09170418\n",
      "   0.08888623  0.08666979  0.10632671  0.09573212]\n",
      " [ 0.11673865  0.08332532  0.09622487  0.11400983  0.11063784  0.08865209\n",
      "   0.09663294  0.09651651  0.09482342  0.10243849]\n",
      " [ 0.10780541  0.09863222  0.10622864  0.08601585  0.11017203  0.08630741\n",
      "   0.10011385  0.10757999  0.10054693  0.09659769]\n",
      " [ 0.10854585  0.10706825  0.10522692  0.08961524  0.10613132  0.09891959\n",
      "   0.09177618  0.09463143  0.10668176  0.09140347]\n",
      " [ 0.11058696  0.09093511  0.09424029  0.11063305  0.09916647  0.09094669\n",
      "   0.10564671  0.09312484  0.10181684  0.102903  ]\n",
      " [ 0.09771439  0.09813336  0.10943377  0.10359343  0.1060665   0.09591857\n",
      "   0.10270105  0.08648556  0.0960683   0.10388502]\n",
      " [ 0.10503058  0.11391324  0.10050109  0.10031775  0.10714263  0.09357147\n",
      "   0.09284659  0.10218195  0.09322311  0.09127158]] (7.319 sec)\n"
     ]
    },
    {
     "name": "stdout",
     "output_type": "stream",
     "text": [
      "INFO:tensorflow:global_step/sec: 7.33047\n",
      "INFO:tensorflow:probabilities = [[ 0.11118226  0.08456438  0.11306273  0.1118002   0.0943349   0.08678818\n",
      "   0.11989574  0.07416063  0.09908403  0.10512705]\n",
      " [ 0.10251644  0.09267349  0.1006529   0.09901934  0.10578277  0.09810626\n",
      "   0.1030343   0.11431428  0.09653137  0.08736887]\n",
      " [ 0.10719549  0.08108433  0.10138496  0.09837369  0.1065155   0.09373485\n",
